=== WYNIKI TRENINGU ===

___________________________________________________

 
 
 IMPROVED
___________________________________________________

=== REP 0 ===

--- Rep 0 | Fold 0 ---
Starting epoch
epoch 0 stats: {'loss': [0.09211612492799759], 'val_pr_auc': [0.001773223975049197], 'val_f1': [0], 'val_precision': [0], 'val_recall': [0.0]}
epoch 10 stats: {'loss': [0.09211612492799759, 0.057332538068294525], 'val_pr_auc': [0.001773223975049197, 0.01464242682057834], 'val_f1': [0, 0.05708661417322834], 'val_precision': [0, 0.03571428571428571], 'val_recall': [0.0, 0.14215686274509803]}
epoch 20 stats: {'loss': [0.09211612492799759, 0.057332538068294525, 0.0640123188495636], 'val_pr_auc': [0.001773223975049197, 0.01464242682057834, 0.013795631696866217], 'val_f1': [0, 0.05708661417322834, 0.04118993135011442], 'val_precision': [0, 0.03571428571428571, 0.023316062176165803], 'val_recall': [0.0, 0.14215686274509803, 0.17647058823529413]}
epoch 30 stats: {'loss': [0.09211612492799759, 0.057332538068294525, 0.0640123188495636, 0.0632525309920311], 'val_pr_auc': [0.001773223975049197, 0.01464242682057834, 0.013795631696866217, 0.014234670270550349], 'val_f1': [0, 0.05708661417322834, 0.04118993135011442, 0.04815864022662889], 'val_precision': [0, 0.03571428571428571, 0.023316062176165803, 0.028145695364238412], 'val_recall': [0.0, 0.14215686274509803, 0.17647058823529413, 0.16666666666666666]}
epoch 40 stats: {'loss': [0.09211612492799759, 0.057332538068294525, 0.0640123188495636, 0.0632525309920311, 0.047613296657800674], 'val_pr_auc': [0.001773223975049197, 0.01464242682057834, 0.013795631696866217, 0.014234670270550349, 0.018999624500219785], 'val_f1': [0, 0.05708661417322834, 0.04118993135011442, 0.04815864022662889, 0.07221664994984955], 'val_precision': [0, 0.03571428571428571, 0.023316062176165803, 0.028145695364238412, 0.04539722572509458], 'val_recall': [0.0, 0.14215686274509803, 0.17647058823529413, 0.16666666666666666, 0.17647058823529413]}
epoch 50 stats: {'loss': [0.09211612492799759, 0.057332538068294525, 0.0640123188495636, 0.0632525309920311, 0.047613296657800674, 0.09527532011270523], 'val_pr_auc': [0.001773223975049197, 0.01464242682057834, 0.013795631696866217, 0.014234670270550349, 0.018999624500219785, 0.023606262844002142], 'val_f1': [0, 0.05708661417322834, 0.04118993135011442, 0.04815864022662889, 0.07221664994984955, 0.05348086675887506], 'val_precision': [0, 0.03571428571428571, 0.023316062176165803, 0.028145695364238412, 0.04539722572509458, 0.029516539440203562], 'val_recall': [0.0, 0.14215686274509803, 0.17647058823529413, 0.16666666666666666, 0.17647058823529413, 0.28431372549019607]}
epoch 60 stats: {'loss': [0.09211612492799759, 0.057332538068294525, 0.0640123188495636, 0.0632525309920311, 0.047613296657800674, 0.09527532011270523, 0.0986725389957428], 'val_pr_auc': [0.001773223975049197, 0.01464242682057834, 0.013795631696866217, 0.014234670270550349, 0.018999624500219785, 0.023606262844002142, 0.018850371079588556], 'val_f1': [0, 0.05708661417322834, 0.04118993135011442, 0.04815864022662889, 0.07221664994984955, 0.05348086675887506, 0.05834186284544524], 'val_precision': [0, 0.03571428571428571, 0.023316062176165803, 0.028145695364238412, 0.04539722572509458, 0.029516539440203562, 0.03257142857142857], 'val_recall': [0.0, 0.14215686274509803, 0.17647058823529413, 0.16666666666666666, 0.17647058823529413, 0.28431372549019607, 0.27941176470588236]}
epoch 70 stats: {'loss': [0.09211612492799759, 0.057332538068294525, 0.0640123188495636, 0.0632525309920311, 0.047613296657800674, 0.09527532011270523, 0.0986725389957428, 0.11666615307331085], 'val_pr_auc': [0.001773223975049197, 0.01464242682057834, 0.013795631696866217, 0.014234670270550349, 0.018999624500219785, 0.023606262844002142, 0.018850371079588556, 0.03143157227832725], 'val_f1': [0, 0.05708661417322834, 0.04118993135011442, 0.04815864022662889, 0.07221664994984955, 0.05348086675887506, 0.05834186284544524, 0.05857385398981325], 'val_precision': [0, 0.03571428571428571, 0.023316062176165803, 0.028145695364238412, 0.04539722572509458, 0.029516539440203562, 0.03257142857142857, 0.032063197026022304], 'val_recall': [0.0, 0.14215686274509803, 0.17647058823529413, 0.16666666666666666, 0.17647058823529413, 0.28431372549019607, 0.27941176470588236, 0.3382352941176471]}
epoch 80 stats: {'loss': [0.09211612492799759, 0.057332538068294525, 0.0640123188495636, 0.0632525309920311, 0.047613296657800674, 0.09527532011270523, 0.0986725389957428, 0.11666615307331085, 0.10058434307575226], 'val_pr_auc': [0.001773223975049197, 0.01464242682057834, 0.013795631696866217, 0.014234670270550349, 0.018999624500219785, 0.023606262844002142, 0.018850371079588556, 0.03143157227832725, 0.03273262260752651], 'val_f1': [0, 0.05708661417322834, 0.04118993135011442, 0.04815864022662889, 0.07221664994984955, 0.05348086675887506, 0.05834186284544524, 0.05857385398981325, 0.07090602138435566], 'val_precision': [0, 0.03571428571428571, 0.023316062176165803, 0.028145695364238412, 0.04539722572509458, 0.029516539440203562, 0.03257142857142857, 0.032063197026022304, 0.040050858232676415], 'val_recall': [0.0, 0.14215686274509803, 0.17647058823529413, 0.16666666666666666, 0.17647058823529413, 0.28431372549019607, 0.27941176470588236, 0.3382352941176471, 0.3088235294117647]}
epoch 90 stats: {'loss': [0.09211612492799759, 0.057332538068294525, 0.0640123188495636, 0.0632525309920311, 0.047613296657800674, 0.09527532011270523, 0.0986725389957428, 0.11666615307331085, 0.10058434307575226, 0.13895559310913086], 'val_pr_auc': [0.001773223975049197, 0.01464242682057834, 0.013795631696866217, 0.014234670270550349, 0.018999624500219785, 0.023606262844002142, 0.018850371079588556, 0.03143157227832725, 0.03273262260752651, 0.035270248295537904], 'val_f1': [0, 0.05708661417322834, 0.04118993135011442, 0.04815864022662889, 0.07221664994984955, 0.05348086675887506, 0.05834186284544524, 0.05857385398981325, 0.07090602138435566, 0.05767790262172284], 'val_precision': [0, 0.03571428571428571, 0.023316062176165803, 0.028145695364238412, 0.04539722572509458, 0.029516539440203562, 0.03257142857142857, 0.032063197026022304, 0.040050858232676415, 0.031224655312246552], 'val_recall': [0.0, 0.14215686274509803, 0.17647058823529413, 0.16666666666666666, 0.17647058823529413, 0.28431372549019607, 0.27941176470588236, 0.3382352941176471, 0.3088235294117647, 0.37745098039215685]}
epoch 99 stats: {'loss': [0.09211612492799759, 0.057332538068294525, 0.0640123188495636, 0.0632525309920311, 0.047613296657800674, 0.09527532011270523, 0.0986725389957428, 0.11666615307331085, 0.10058434307575226, 0.13895559310913086, 0.16835331916809082], 'val_pr_auc': [0.001773223975049197, 0.01464242682057834, 0.013795631696866217, 0.014234670270550349, 0.018999624500219785, 0.023606262844002142, 0.018850371079588556, 0.03143157227832725, 0.03273262260752651, 0.035270248295537904, 0.02672049291639311], 'val_f1': [0, 0.05708661417322834, 0.04118993135011442, 0.04815864022662889, 0.07221664994984955, 0.05348086675887506, 0.05834186284544524, 0.05857385398981325, 0.07090602138435566, 0.05767790262172284, 0.06417970316887285], 'val_precision': [0, 0.03571428571428571, 0.023316062176165803, 0.028145695364238412, 0.04539722572509458, 0.029516539440203562, 0.03257142857142857, 0.032063197026022304, 0.040050858232676415, 0.031224655312246552, 0.03494975972040192], 'val_recall': [0.0, 0.14215686274509803, 0.17647058823529413, 0.16666666666666666, 0.17647058823529413, 0.28431372549019607, 0.27941176470588236, 0.3382352941176471, 0.3088235294117647, 0.37745098039215685, 0.39215686274509803]}
--- Optymalizacja progu ---
Najlepszy próg: 0.9596
F1: 0.0797 | Precision: 0.0474 | Recall: 0.2500
