=== WYNIKI TRENINGU ===

___________________________________________________

 
 
 IMPROVED
___________________________________________________

=== REP 0 ===

--- Rep 0 | Fold 0 ---
Starting epoch
epoch 0 stats: {'loss': [0.0921161025762558], 'val_pr_auc': [0.0017732238699363723], 'val_f1': [0], 'val_precision': [0], 'val_recall': [0.0]}
epoch 10 stats: {'loss': [0.0921161025762558, 0.05729249119758606], 'val_pr_auc': [0.0017732238699363723, 0.014630907495675933], 'val_f1': [0, 0.05725567620927936], 'val_precision': [0, 0.03584672435105068], 'val_recall': [0.0, 0.14215686274509803]}
epoch 20 stats: {'loss': [0.0921161025762558, 0.05729249119758606, 0.06191691756248474], 'val_pr_auc': [0.0017732238699363723, 0.014630907495675933, 0.012753812822546708], 'val_f1': [0, 0.05725567620927936, 0.040236686390532544], 'val_precision': [0, 0.03584672435105068, 0.02288021534320323], 'val_recall': [0.0, 0.14215686274509803, 0.16666666666666666]}
epoch 30 stats: {'loss': [0.0921161025762558, 0.05729249119758606, 0.06191691756248474, 0.06934665888547897], 'val_pr_auc': [0.0017732238699363723, 0.014630907495675933, 0.012753812822546708, 0.013340350569772867], 'val_f1': [0, 0.05725567620927936, 0.040236686390532544, 0.04358974358974359], 'val_precision': [0, 0.03584672435105068, 0.02288021534320323, 0.025073746312684365], 'val_recall': [0.0, 0.14215686274509803, 0.16666666666666666, 0.16666666666666666]}
epoch 40 stats: {'loss': [0.0921161025762558, 0.05729249119758606, 0.06191691756248474, 0.06934665888547897, 0.05941413342952728], 'val_pr_auc': [0.0017732238699363723, 0.014630907495675933, 0.012753812822546708, 0.013340350569772867, 0.019855103320097902], 'val_f1': [0, 0.05725567620927936, 0.040236686390532544, 0.04358974358974359, 0.0809248554913295], 'val_precision': [0, 0.03584672435105068, 0.02288021534320323, 0.025073746312684365, 0.04865938430983118], 'val_recall': [0.0, 0.14215686274509803, 0.16666666666666666, 0.16666666666666666, 0.24019607843137256]}
epoch 50 stats: {'loss': [0.0921161025762558, 0.05729249119758606, 0.06191691756248474, 0.06934665888547897, 0.05941413342952728, 0.08482658863067627], 'val_pr_auc': [0.0017732238699363723, 0.014630907495675933, 0.012753812822546708, 0.013340350569772867, 0.019855103320097902, 0.022427715706135186], 'val_f1': [0, 0.05725567620927936, 0.040236686390532544, 0.04358974358974359, 0.0809248554913295, 0.058823529411764705], 'val_precision': [0, 0.03584672435105068, 0.02288021534320323, 0.025073746312684365, 0.04865938430983118, 0.03324808184143223], 'val_recall': [0.0, 0.14215686274509803, 0.16666666666666666, 0.16666666666666666, 0.24019607843137256, 0.2549019607843137]}
epoch 60 stats: {'loss': [0.0921161025762558, 0.05729249119758606, 0.06191691756248474, 0.06934665888547897, 0.05941413342952728, 0.08482658863067627, 0.12255620956420898], 'val_pr_auc': [0.0017732238699363723, 0.014630907495675933, 0.012753812822546708, 0.013340350569772867, 0.019855103320097902, 0.022427715706135186, 0.02527706197305186], 'val_f1': [0, 0.05725567620927936, 0.040236686390532544, 0.04358974358974359, 0.0809248554913295, 0.058823529411764705, 0.0546583850931677], 'val_precision': [0, 0.03584672435105068, 0.02288021534320323, 0.025073746312684365, 0.04865938430983118, 0.03324808184143223, 0.029850746268656716], 'val_recall': [0.0, 0.14215686274509803, 0.16666666666666666, 0.16666666666666666, 0.24019607843137256, 0.2549019607843137, 0.3235294117647059]}
epoch 70 stats: {'loss': [0.0921161025762558, 0.05729249119758606, 0.06191691756248474, 0.06934665888547897, 0.05941413342952728, 0.08482658863067627, 0.12255620956420898, 0.1436423361301422], 'val_pr_auc': [0.0017732238699363723, 0.014630907495675933, 0.012753812822546708, 0.013340350569772867, 0.019855103320097902, 0.022427715706135186, 0.02527706197305186, 0.03513529611272161], 'val_f1': [0, 0.05725567620927936, 0.040236686390532544, 0.04358974358974359, 0.0809248554913295, 0.058823529411764705, 0.0546583850931677, 0.05359056806002144], 'val_precision': [0, 0.03584672435105068, 0.02288021534320323, 0.025073746312684365, 0.04865938430983118, 0.03324808184143223, 0.029850746268656716, 0.028901734104046242], 'val_recall': [0.0, 0.14215686274509803, 0.16666666666666666, 0.16666666666666666, 0.24019607843137256, 0.2549019607843137, 0.3235294117647059, 0.36764705882352944]}
epoch 80 stats: {'loss': [0.0921161025762558, 0.05729249119758606, 0.06191691756248474, 0.06934665888547897, 0.05941413342952728, 0.08482658863067627, 0.12255620956420898, 0.1436423361301422, 0.09097182750701904], 'val_pr_auc': [0.0017732238699363723, 0.014630907495675933, 0.012753812822546708, 0.013340350569772867, 0.019855103320097902, 0.022427715706135186, 0.02527706197305186, 0.03513529611272161, 0.027809329062333268], 'val_f1': [0, 0.05725567620927936, 0.040236686390532544, 0.04358974358974359, 0.0809248554913295, 0.058823529411764705, 0.0546583850931677, 0.05359056806002144, 0.06968641114982578], 'val_precision': [0, 0.03584672435105068, 0.02288021534320323, 0.025073746312684365, 0.04865938430983118, 0.03324808184143223, 0.029850746268656716, 0.028901734104046242, 0.039525691699604744], 'val_recall': [0.0, 0.14215686274509803, 0.16666666666666666, 0.16666666666666666, 0.24019607843137256, 0.2549019607843137, 0.3235294117647059, 0.36764705882352944, 0.29411764705882354]}
epoch 90 stats: {'loss': [0.0921161025762558, 0.05729249119758606, 0.06191691756248474, 0.06934665888547897, 0.05941413342952728, 0.08482658863067627, 0.12255620956420898, 0.1436423361301422, 0.09097182750701904, 0.1348600834608078], 'val_pr_auc': [0.0017732238699363723, 0.014630907495675933, 0.012753812822546708, 0.013340350569772867, 0.019855103320097902, 0.022427715706135186, 0.02527706197305186, 0.03513529611272161, 0.027809329062333268, 0.03965411459674963], 'val_f1': [0, 0.05725567620927936, 0.040236686390532544, 0.04358974358974359, 0.0809248554913295, 0.058823529411764705, 0.0546583850931677, 0.05359056806002144, 0.06968641114982578, 0.059773828756058155], 'val_precision': [0, 0.03584672435105068, 0.02288021534320323, 0.025073746312684365, 0.04865938430983118, 0.03324808184143223, 0.029850746268656716, 0.028901734104046242, 0.039525691699604744, 0.032570422535211266], 'val_recall': [0.0, 0.14215686274509803, 0.16666666666666666, 0.16666666666666666, 0.24019607843137256, 0.2549019607843137, 0.3235294117647059, 0.36764705882352944, 0.29411764705882354, 0.3627450980392157]}
epoch 99 stats: {'loss': [0.0921161025762558, 0.05729249119758606, 0.06191691756248474, 0.06934665888547897, 0.05941413342952728, 0.08482658863067627, 0.12255620956420898, 0.1436423361301422, 0.09097182750701904, 0.1348600834608078, 0.1894802451133728], 'val_pr_auc': [0.0017732238699363723, 0.014630907495675933, 0.012753812822546708, 0.013340350569772867, 0.019855103320097902, 0.022427715706135186, 0.02527706197305186, 0.03513529611272161, 0.027809329062333268, 0.03965411459674963, 0.055606160462302316], 'val_f1': [0, 0.05725567620927936, 0.040236686390532544, 0.04358974358974359, 0.0809248554913295, 0.058823529411764705, 0.0546583850931677, 0.05359056806002144, 0.06968641114982578, 0.059773828756058155, 0.0609715242881072], 'val_precision': [0, 0.03584672435105068, 0.02288021534320323, 0.025073746312684365, 0.04865938430983118, 0.03324808184143223, 0.029850746268656716, 0.028901734104046242, 0.039525691699604744, 0.032570422535211266, 0.03272204243078029], 'val_recall': [0.0, 0.14215686274509803, 0.16666666666666666, 0.16666666666666666, 0.24019607843137256, 0.2549019607843137, 0.3235294117647059, 0.36764705882352944, 0.29411764705882354, 0.3627450980392157, 0.44607843137254904]}
