=== WYNIKI TRENINGU ===

___________________________________________________

 
 
 IMPROVED
___________________________________________________

=== REP 0 ===

--- Rep 0 | Fold 0 ---
Starting epoch
epoch 0 stats: {'loss': [0.09211625158786774], 'val_pr_auc': [0.0017732186749618694], 'val_f1': [0], 'val_precision': [0], 'val_recall': [0.0]}
epoch 10 stats: {'loss': [0.09211625158786774, 0.05730930715799332], 'val_pr_auc': [0.0017732186749618694, 0.014627964040956554], 'val_f1': [0, 0.057199211045364885], 'val_precision': [0, 0.03580246913580247], 'val_recall': [0.0, 0.14215686274509803]}
epoch 20 stats: {'loss': [0.09211625158786774, 0.05730930715799332, 0.06195950508117676], 'val_pr_auc': [0.0017732186749618694, 0.014627964040956554, 0.012676553204710884], 'val_f1': [0, 0.057199211045364885, 0.04014167650531287], 'val_precision': [0, 0.03580246913580247, 0.022818791946308724], 'val_recall': [0.0, 0.14215686274509803, 0.16666666666666666]}
epoch 30 stats: {'loss': [0.09211625158786774, 0.05730930715799332, 0.06195950508117676, 0.06523120403289795], 'val_pr_auc': [0.0017732186749618694, 0.014627964040956554, 0.012676553204710884, 0.012761205673073216], 'val_f1': [0, 0.057199211045364885, 0.04014167650531287, 0.04018754186202277], 'val_precision': [0, 0.03580246913580247, 0.022818791946308724, 0.023273855702094646], 'val_recall': [0.0, 0.14215686274509803, 0.16666666666666666, 0.14705882352941177]}
epoch 40 stats: {'loss': [0.09211625158786774, 0.05730930715799332, 0.06195950508117676, 0.06523120403289795, 0.046616312116384506], 'val_pr_auc': [0.0017732186749618694, 0.014627964040956554, 0.012676553204710884, 0.012761205673073216, 0.017711292305602182], 'val_f1': [0, 0.057199211045364885, 0.04014167650531287, 0.04018754186202277, 0.0675818373812038], 'val_precision': [0, 0.03580246913580247, 0.022818791946308724, 0.023273855702094646, 0.04306864064602961], 'val_recall': [0.0, 0.14215686274509803, 0.16666666666666666, 0.14705882352941177, 0.1568627450980392]}
epoch 50 stats: {'loss': [0.09211625158786774, 0.05730930715799332, 0.06195950508117676, 0.06523120403289795, 0.046616312116384506, 0.07847071439027786], 'val_pr_auc': [0.0017732186749618694, 0.014627964040956554, 0.012676553204710884, 0.012761205673073216, 0.017711292305602182, 0.023556398763325766], 'val_f1': [0, 0.057199211045364885, 0.04014167650531287, 0.04018754186202277, 0.0675818373812038, 0.06164383561643835], 'val_precision': [0, 0.03580246913580247, 0.022818791946308724, 0.023273855702094646, 0.04306864064602961, 0.03488372093023256], 'val_recall': [0.0, 0.14215686274509803, 0.16666666666666666, 0.14705882352941177, 0.1568627450980392, 0.2647058823529412]}
epoch 60 stats: {'loss': [0.09211625158786774, 0.05730930715799332, 0.06195950508117676, 0.06523120403289795, 0.046616312116384506, 0.07847071439027786, 0.09335079044103622], 'val_pr_auc': [0.0017732186749618694, 0.014627964040956554, 0.012676553204710884, 0.012761205673073216, 0.017711292305602182, 0.023556398763325766, 0.019264231410068465], 'val_f1': [0, 0.057199211045364885, 0.04014167650531287, 0.04018754186202277, 0.0675818373812038, 0.06164383561643835, 0.05973120955699353], 'val_precision': [0, 0.03580246913580247, 0.022818791946308724, 0.023273855702094646, 0.04306864064602961, 0.03488372093023256, 0.0332409972299169], 'val_recall': [0.0, 0.14215686274509803, 0.16666666666666666, 0.14705882352941177, 0.1568627450980392, 0.2647058823529412, 0.29411764705882354]}
epoch 70 stats: {'loss': [0.09211625158786774, 0.05730930715799332, 0.06195950508117676, 0.06523120403289795, 0.046616312116384506, 0.07847071439027786, 0.09335079044103622, 0.13556352257728577], 'val_pr_auc': [0.0017732186749618694, 0.014627964040956554, 0.012676553204710884, 0.012761205673073216, 0.017711292305602182, 0.023556398763325766, 0.019264231410068465, 0.04363303654548633], 'val_f1': [0, 0.057199211045364885, 0.04014167650531287, 0.04018754186202277, 0.0675818373812038, 0.06164383561643835, 0.05973120955699353, 0.056209646790733], 'val_precision': [0, 0.03580246913580247, 0.022818791946308724, 0.023273855702094646, 0.04306864064602961, 0.03488372093023256, 0.0332409972299169, 0.03046521202140799], 'val_recall': [0.0, 0.14215686274509803, 0.16666666666666666, 0.14705882352941177, 0.1568627450980392, 0.2647058823529412, 0.29411764705882354, 0.3627450980392157]}
epoch 80 stats: {'loss': [0.09211625158786774, 0.05730930715799332, 0.06195950508117676, 0.06523120403289795, 0.046616312116384506, 0.07847071439027786, 0.09335079044103622, 0.13556352257728577, 0.10214732587337494], 'val_pr_auc': [0.0017732186749618694, 0.014627964040956554, 0.012676553204710884, 0.012761205673073216, 0.017711292305602182, 0.023556398763325766, 0.019264231410068465, 0.04363303654548633, 0.02503034439167904], 'val_f1': [0, 0.057199211045364885, 0.04014167650531287, 0.04018754186202277, 0.0675818373812038, 0.06164383561643835, 0.05973120955699353, 0.056209646790733, 0.07134637514384351], 'val_precision': [0, 0.03580246913580247, 0.022818791946308724, 0.023273855702094646, 0.04306864064602961, 0.03488372093023256, 0.0332409972299169, 0.03046521202140799, 0.04041720990873533], 'val_recall': [0.0, 0.14215686274509803, 0.16666666666666666, 0.14705882352941177, 0.1568627450980392, 0.2647058823529412, 0.29411764705882354, 0.3627450980392157, 0.30392156862745096]}
epoch 90 stats: {'loss': [0.09211625158786774, 0.05730930715799332, 0.06195950508117676, 0.06523120403289795, 0.046616312116384506, 0.07847071439027786, 0.09335079044103622, 0.13556352257728577, 0.10214732587337494, 0.1319984644651413], 'val_pr_auc': [0.0017732186749618694, 0.014627964040956554, 0.012676553204710884, 0.012761205673073216, 0.017711292305602182, 0.023556398763325766, 0.019264231410068465, 0.04363303654548633, 0.02503034439167904, 0.028556172737991277], 'val_f1': [0, 0.057199211045364885, 0.04014167650531287, 0.04018754186202277, 0.0675818373812038, 0.06164383561643835, 0.05973120955699353, 0.056209646790733, 0.07134637514384351, 0.05517241379310344], 'val_precision': [0, 0.03580246913580247, 0.022818791946308724, 0.023273855702094646, 0.04306864064602961, 0.03488372093023256, 0.0332409972299169, 0.03046521202140799, 0.04041720990873533, 0.029925187032418952], 'val_recall': [0.0, 0.14215686274509803, 0.16666666666666666, 0.14705882352941177, 0.1568627450980392, 0.2647058823529412, 0.29411764705882354, 0.3627450980392157, 0.30392156862745096, 0.35294117647058826]}
epoch 99 stats: {'loss': [0.09211625158786774, 0.05730930715799332, 0.06195950508117676, 0.06523120403289795, 0.046616312116384506, 0.07847071439027786, 0.09335079044103622, 0.13556352257728577, 0.10214732587337494, 0.1319984644651413, 0.1687225103378296], 'val_pr_auc': [0.0017732186749618694, 0.014627964040956554, 0.012676553204710884, 0.012761205673073216, 0.017711292305602182, 0.023556398763325766, 0.019264231410068465, 0.04363303654548633, 0.02503034439167904, 0.028556172737991277, 0.03521121420002973], 'val_f1': [0, 0.057199211045364885, 0.04014167650531287, 0.04018754186202277, 0.0675818373812038, 0.06164383561643835, 0.05973120955699353, 0.056209646790733, 0.07134637514384351, 0.05517241379310344, 0.057971014492753624], 'val_precision': [0, 0.03580246913580247, 0.022818791946308724, 0.023273855702094646, 0.04306864064602961, 0.03488372093023256, 0.0332409972299169, 0.03046521202140799, 0.04041720990873533, 0.029925187032418952, 0.03129890453834116], 'val_recall': [0.0, 0.14215686274509803, 0.16666666666666666, 0.14705882352941177, 0.1568627450980392, 0.2647058823529412, 0.29411764705882354, 0.3627450980392157, 0.30392156862745096, 0.35294117647058826, 0.39215686274509803]}
